# iq3xxs_grid - extracted verbatim from ggml/src/ggml-common.h:1018-1049
# declaration: GGML_TABLE_BEGIN(uint32_t, iq3xxs_grid, 256)
# format: index  hex_u32  dec_u32  bytes(b3.b2.b1.b0 big-endian of printed hex)
  0  0x04040404    67372036    4.  4.  4.  4
  1  0x04040414    67372052    4.  4.  4. 20
  2  0x04040424    67372068    4.  4.  4. 36
  3  0x04040C0C    67374092    4.  4. 12. 12
  4  0x04040C1C    67374108    4.  4. 12. 28
  5  0x04040C3E    67374142    4.  4. 12. 62
  6  0x04041404    67376132    4.  4. 20.  4
  7  0x04041414    67376148    4.  4. 20. 20
  8  0x04041C0C    67378188    4.  4. 28. 12
  9  0x04042414    67380244    4.  4. 36. 20
 10  0x04043E1C    67386908    4.  4. 62. 28
 11  0x04043E2C    67386924    4.  4. 62. 44
 12  0x040C040C    67896332    4. 12.  4. 12
 13  0x040C041C    67896348    4. 12.  4. 28
 14  0x040C0C04    67898372    4. 12. 12.  4
 15  0x040C0C14    67898388    4. 12. 12. 20
 16  0x040C140C    67900428    4. 12. 20. 12
 17  0x040C142C    67900460    4. 12. 20. 44
 18  0x040C1C04    67902468    4. 12. 28.  4
 19  0x040C1C14    67902484    4. 12. 28. 20
 20  0x040C240C    67904524    4. 12. 36. 12
 21  0x040C2C24    67906596    4. 12. 44. 36
 22  0x040C3E04    67911172    4. 12. 62.  4
 23  0x04140404    68420612    4. 20.  4.  4
 24  0x04140414    68420628    4. 20.  4. 20
 25  0x04140424    68420644    4. 20.  4. 36
 26  0x04140C0C    68422668    4. 20. 12. 12
 27  0x04141404    68424708    4. 20. 20.  4
 28  0x04141414    68424724    4. 20. 20. 20
 29  0x04141C0C    68426764    4. 20. 28. 12
 30  0x04141C1C    68426780    4. 20. 28. 28
 31  0x04141C3E    68426814    4. 20. 28. 62
 32  0x04142C0C    68430860    4. 20. 44. 12
 33  0x04142C3E    68430910    4. 20. 44. 62
 34  0x04143E2C    68435500    4. 20. 62. 44
 35  0x041C040C    68944908    4. 28.  4. 12
 36  0x041C043E    68944958    4. 28.  4. 62
 37  0x041C0C04    68946948    4. 28. 12.  4
 38  0x041C0C14    68946964    4. 28. 12. 20
 39  0x041C142C    68949036    4. 28. 20. 44
 40  0x041C3E04    68959748    4. 28. 62.  4
 41  0x04240C1C    69471260    4. 36. 12. 28
 42  0x04241C3E    69475390    4. 36. 28. 62
 43  0x04242424    69477412    4. 36. 36. 36
 44  0x04242C3E    69479486    4. 36. 44. 62
 45  0x04243E1C    69484060    4. 36. 62. 28
 46  0x04243E2C    69484076    4. 36. 62. 44
 47  0x042C040C    69993484    4. 44.  4. 12
 48  0x042C043E    69993534    4. 44.  4. 62
 49  0x042C1C14    69999636    4. 44. 28. 20
 50  0x042C2C14    70003732    4. 44. 44. 20
 51  0x04341C2C    70523948    4. 52. 28. 44
 52  0x04343424    70530084    4. 52. 52. 36
 53  0x043E0C04    71175172    4. 62. 12.  4
 54  0x043E0C24    71175204    4. 62. 12. 36
 55  0x043E0C34    71175220    4. 62. 12. 52
 56  0x043E241C    71181340    4. 62. 36. 28
 57  0x043E340C    71185420    4. 62. 52. 12
 58  0x0C04040C   201589772   12.  4.  4. 12
 59  0x0C04041C   201589788   12.  4.  4. 28
 60  0x0C040C04   201591812   12.  4. 12.  4
 61  0x0C040C14   201591828   12.  4. 12. 20
 62  0x0C04140C   201593868   12.  4. 20. 12
 63  0x0C04141C   201593884   12.  4. 20. 28
 64  0x0C041C04   201595908   12.  4. 28.  4
 65  0x0C041C14   201595924   12.  4. 28. 20
 66  0x0C041C24   201595940   12.  4. 28. 36
 67  0x0C04243E   201598014   12.  4. 36. 62
 68  0x0C042C04   201600004   12.  4. 44.  4
 69  0x0C0C0404   202114052   12. 12.  4.  4
 70  0x0C0C0414   202114068   12. 12.  4. 20
 71  0x0C0C0C0C   202116108   12. 12. 12. 12
 72  0x0C0C1404   202118148   12. 12. 20.  4
 73  0x0C0C1414   202118164   12. 12. 20. 20
 74  0x0C14040C   202638348   12. 20.  4. 12
 75  0x0C14041C   202638364   12. 20.  4. 28
 76  0x0C140C04   202640388   12. 20. 12.  4
 77  0x0C140C14   202640404   12. 20. 12. 20
 78  0x0C14140C   202642444   12. 20. 20. 12
 79  0x0C141C04   202644484   12. 20. 28.  4
 80  0x0C143E14   202653204   12. 20. 62. 20
 81  0x0C1C0404   203162628   12. 28.  4.  4
 82  0x0C1C0414   203162644   12. 28.  4. 20
 83  0x0C1C1404   203166724   12. 28. 20.  4
 84  0x0C1C1C0C   203168780   12. 28. 28. 12
 85  0x0C1C2434   203170868   12. 28. 36. 52
 86  0x0C1C3434   203174964   12. 28. 52. 52
 87  0x0C24040C   203686924   12. 36.  4. 12
 88  0x0C24042C   203686956   12. 36.  4. 44
 89  0x0C242C04   203697156   12. 36. 44.  4
 90  0x0C2C1404   204215300   12. 44. 20.  4
 91  0x0C2C1424   204215332   12. 44. 20. 36
 92  0x0C2C2434   204219444   12. 44. 36. 52
 93  0x0C2C3E0C   204226060   12. 44. 62. 12
 94  0x0C34042C   204735532   12. 52.  4. 44
 95  0x0C3E1414   205394964   12. 62. 20. 20
 96  0x0C3E2404   205399044   12. 62. 36.  4
 97  0x14040404   335807492   20.  4.  4.  4
 98  0x14040414   335807508   20.  4.  4. 20
 99  0x14040C0C   335809548   20.  4. 12. 12
100  0x14040C1C   335809564   20.  4. 12. 28
101  0x14041404   335811588   20.  4. 20.  4
102  0x14041414   335811604   20.  4. 20. 20
103  0x14041434   335811636   20.  4. 20. 52
104  0x14041C0C   335813644   20.  4. 28. 12
105  0x14042414   335815700   20.  4. 36. 20
106  0x140C040C   336331788   20. 12.  4. 12
107  0x140C041C   336331804   20. 12.  4. 28
108  0x140C042C   336331820   20. 12.  4. 44
109  0x140C0C04   336333828   20. 12. 12.  4
110  0x140C0C14   336333844   20. 12. 12. 20
111  0x140C140C   336335884   20. 12. 20. 12
112  0x140C1C04   336337924   20. 12. 28.  4
113  0x140C341C   336344092   20. 12. 52. 28
114  0x140C343E   336344126   20. 12. 52. 62
115  0x140C3E04   336346628   20. 12. 62.  4
116  0x14140404   336856068   20. 20.  4.  4
117  0x14140414   336856084   20. 20.  4. 20
118  0x14140C0C   336858124   20. 20. 12. 12
119  0x14140C3E   336858174   20. 20. 12. 62
120  0x14141404   336860164   20. 20. 20.  4
121  0x14141414   336860180   20. 20. 20. 20
122  0x14141C3E   336862270   20. 20. 28. 62
123  0x14142404   336864260   20. 20. 36.  4
124  0x14142C2C   336866348   20. 20. 44. 44
125  0x141C040C   337380364   20. 28.  4. 12
126  0x141C0C04   337382404   20. 28. 12.  4
127  0x141C0C24   337382436   20. 28. 12. 36
128  0x141C3E04   337395204   20. 28. 62.  4
129  0x141C3E24   337395236   20. 28. 62. 36
130  0x14241C2C   337910828   20. 36. 28. 44
131  0x14242C1C   337914908   20. 36. 44. 28
132  0x142C041C   338428956   20. 44.  4. 28
133  0x142C143E   338433086   20. 44. 20. 62
134  0x142C240C   338437132   20. 44. 36. 12
135  0x142C3E24   338443812   20. 44. 62. 36
136  0x143E040C   339608588   20. 62.  4. 12
137  0x143E041C   339608604   20. 62.  4. 28
138  0x143E0C34   339610676   20. 62. 12. 52
139  0x143E242C   339616812   20. 62. 36. 44
140  0x1C04040C   470025228   28.  4.  4. 12
141  0x1C040C04   470027268   28.  4. 12.  4
142  0x1C040C14   470027284   28.  4. 12. 20
143  0x1C04140C   470029324   28.  4. 20. 12
144  0x1C04141C   470029340   28.  4. 20. 28
145  0x1C042C04   470035460   28.  4. 44.  4
146  0x1C04342C   470037548   28.  4. 52. 44
147  0x1C043E14   470040084   28.  4. 62. 20
148  0x1C0C0404   470549508   28. 12.  4.  4
149  0x1C0C0414   470549524   28. 12.  4. 20
150  0x1C0C1404   470553604   28. 12. 20.  4
151  0x1C0C1C0C   470555660   28. 12. 28. 12
152  0x1C0C2424   470557732   28. 12. 36. 36
153  0x1C0C2434   470557748   28. 12. 36. 52
154  0x1C14040C   471073804   28. 20.  4. 12
155  0x1C14041C   471073820   28. 20.  4. 28
156  0x1C140C04   471075844   28. 20. 12.  4
157  0x1C14142C   471077932   28. 20. 20. 44
158  0x1C142C14   471084052   28. 20. 44. 20
159  0x1C143E14   471088660   28. 20. 62. 20
160  0x1C1C0C0C   471600140   28. 28. 12. 12
161  0x1C1C1C1C   471604252   28. 28. 28. 28
162  0x1C241C04   472128516   28. 36. 28.  4
163  0x1C24243E   472130622   28. 36. 36. 62
164  0x1C243E14   472137236   28. 36. 62. 20
165  0x1C2C0404   472646660   28. 44.  4.  4
166  0x1C2C0434   472646708   28. 44.  4. 52
167  0x1C2C1414   472650772   28. 44. 20. 20
168  0x1C2C2C2C   472656940   28. 44. 44. 44
169  0x1C340C24   473173028   28. 52. 12. 36
170  0x1C341C34   473177140   28. 52. 28. 52
171  0x1C34341C   473183260   28. 52. 52. 28
172  0x1C3E1C1C   473832476   28. 62. 28. 28
173  0x1C3E3404   473838596   28. 62. 52.  4
174  0x24040424   604242980   36.  4.  4. 36
175  0x24040C3E   604245054   36.  4. 12. 62
176  0x24041C2C   604249132   36.  4. 28. 44
177  0x24041C3E   604249150   36.  4. 28. 62
178  0x24042C1C   604253212   36.  4. 44. 28
179  0x24042C3E   604253246   36.  4. 44. 62
180  0x240C3E24   604782116   36. 12. 62. 36
181  0x24141404   605295620   36. 20. 20.  4
182  0x24141C3E   605297726   36. 20. 28. 62
183  0x24142404   605299716   36. 20. 36.  4
184  0x24143404   605303812   36. 20. 52.  4
185  0x24143434   605303860   36. 20. 52. 52
186  0x241C043E   605815870   36. 28.  4. 62
187  0x241C242C   605824044   36. 28. 36. 44
188  0x24240424   606340132   36. 36.  4. 36
189  0x24242C0C   606350348   36. 36. 44. 12
190  0x24243424   606352420   36. 36. 52. 36
191  0x242C142C   606868524   36. 44. 20. 44
192  0x242C241C   606872604   36. 44. 36. 28
193  0x242C3E04   606879236   36. 44. 62.  4
194  0x243E042C   608044076   36. 62.  4. 44
195  0x243E0C04   608046084   36. 62. 12.  4
196  0x243E0C14   608046100   36. 62. 12. 20
197  0x243E1C04   608050180   36. 62. 28.  4
198  0x2C040C14   738462740   44.  4. 12. 20
199  0x2C04240C   738468876   44.  4. 36. 12
200  0x2C043E04   738475524   44.  4. 62.  4
201  0x2C0C0404   738984964   44. 12.  4.  4
202  0x2C0C0434   738985012   44. 12.  4. 52
203  0x2C0C1434   738989108   44. 12. 20. 52
204  0x2C0C2C2C   738995244   44. 12. 44. 44
205  0x2C140C24   739511332   44. 20. 12. 36
206  0x2C141C14   739515412   44. 20. 28. 20
207  0x2C143E14   739524116   44. 20. 62. 20
208  0x2C1C0414   740033556   44. 28.  4. 20
209  0x2C1C2C1C   740043804   44. 28. 44. 28
210  0x2C240C04   740559876   44. 36. 12.  4
211  0x2C24141C   740561948   44. 36. 20. 28
212  0x2C24143E   740561982   44. 36. 20. 62
213  0x2C243E14   740572692   44. 36. 62. 20
214  0x2C2C0414   741082132   44. 44.  4. 20
215  0x2C2C1C0C   741088268   44. 44. 28. 12
216  0x2C342C04   741616644   44. 52. 44.  4
217  0x2C3E1424   742265892   44. 62. 20. 36
218  0x2C3E2414   742269972   44. 62. 36. 20
219  0x34041424   872682532   52.  4. 20. 36
220  0x34042424   872686628   52.  4. 36. 36
221  0x34042434   872686644   52.  4. 36. 52
222  0x34043424   872690724   52.  4. 52. 36
223  0x340C140C   873206796   52. 12. 20. 12
224  0x340C340C   873214988   52. 12. 52. 12
225  0x34140C3E   873729086   52. 20. 12. 62
226  0x34143424   873739300   52. 20. 52. 36
227  0x341C1C04   874257412   52. 28. 28.  4
228  0x341C1C34   874257460   52. 28. 28. 52
229  0x34242424   874783780   52. 36. 36. 36
230  0x342C042C   875299884   52. 44.  4. 44
231  0x342C2C14   875310100   52. 44. 44. 20
232  0x34341C1C   875830300   52. 52. 28. 28
233  0x343E041C   876479516   52. 62.  4. 28
234  0x343E140C   876483596   52. 62. 20. 12
235  0x3E04041C  1040450588   62.  4.  4. 28
236  0x3E04042C  1040450604   62.  4.  4. 44
237  0x3E04043E  1040450622   62.  4.  4. 62
238  0x3E040C04  1040452612   62.  4. 12.  4
239  0x3E041C14  1040456724   62.  4. 28. 20
240  0x3E042C14  1040460820   62.  4. 44. 20
241  0x3E0C1434  1040978996   62. 12. 20. 52
242  0x3E0C2404  1040983044   62. 12. 36.  4
243  0x3E140C14  1041501204   62. 20. 12. 20
244  0x3E14242C  1041507372   62. 20. 36. 44
245  0x3E142C14  1041509396   62. 20. 44. 20
246  0x3E1C0404  1042023428   62. 28.  4.  4
247  0x3E1C0C2C  1042025516   62. 28. 12. 44
248  0x3E1C1C1C  1042029596   62. 28. 28. 28
249  0x3E1C3404  1042035716   62. 28. 52.  4
250  0x3E24140C  1042551820   62. 36. 20. 12
251  0x3E24240C  1042555916   62. 36. 36. 12
252  0x3E2C0404  1043072004   62. 44.  4.  4
253  0x3E2C0414  1043072020   62. 44.  4. 20
254  0x3E2C1424  1043076132   62. 44. 20. 36
255  0x3E341C04  1043602436   62. 52. 28.  4
