=== Run 1 ===
V0   1            0.1688        136.1         136.3        32     77     64
D1   1            0.1898        121.1         121.3        32     38     64
D2   1            0.1896        121.2         121.4        32     44     64
D3   1            0.2115        108.7         108.8        32     55     64
V0   1            0.2993        153.6         153.8        32     30     64 [fused-glu]
D1   1            0.3934        116.8         117.0        32     43     64 [fused-glu]
D2   1            0.4328        106.2         106.3        32     67     64 [fused-glu]
D3   1            0.5126         89.7          89.8        32    113     44 [fused-glu]
=== Run 2 ===
V0   1            0.1877        122.4         122.6        32     77     64
D1   1            0.1710        134.4         134.6        32     38     64
D2   1            0.2018        113.9         114.1        32     44     64
D3   1            0.2380         96.6          96.7        32     55     64
V0   1            0.3201        143.6         143.8        32     30     64 [fused-glu]
D1   1            0.3506        131.1         131.3        32     43     64 [fused-glu]
D2   1            0.4292        107.1         107.2        32     67     64 [fused-glu]
D3   1            0.5065         90.7          90.9        32    113     44 [fused-glu]
=== Run 3 ===
V0   1            0.1930        119.1         119.3        32     77     64
D1   1            0.1976        116.3         116.5        32     38     64
D2   1            0.2088        110.0         110.2        32     44     64
D3   1            0.2348         97.8          98.0        32     55     64
V0   1            0.3218        142.8         143.0        32     30     64 [fused-glu]
D1   1            0.3518        130.6         130.8        32     43     64 [fused-glu]
D2   1            0.4225        108.8         109.0        32     67     64 [fused-glu]
D3   1            0.4881         94.2          94.3        32    113     44 [fused-glu]
=== Run 4 ===
V0   1            0.1856        123.8         124.0        32     77     64
D1   1            0.1940        118.4         118.6        32     38     64
D2   1            0.2049        112.2         112.4        32     44     64
D3   1            0.2366         97.1          97.3        32     55     64
V0   1            0.3163        145.3         145.5        32     30     64 [fused-glu]
D1   1            0.3557        129.2         129.4        32     43     64 [fused-glu]
D2   1            0.4235        108.5         108.7        32     67     64 [fused-glu]
D3   1            0.5142         89.4          89.5        32    113     44 [fused-glu]
=== Run 5 ===
V0   1            0.1828        125.7         125.9        32     77     64
D1   1            0.1987        115.6         115.8        32     38     64
D2   1            0.2070        111.0         111.2        32     44     64
D3   1            0.2370         97.0          97.1        32     55     64
V0   1            0.3154        145.7         145.9        32     30     64 [fused-glu]
D1   1            0.3523        130.4         130.7        32     43     64 [fused-glu]
D2   1            0.4530        101.4         101.6        32     67     64 [fused-glu]
D3   1            0.5033         91.3          91.5        32    113     44 [fused-glu]
